#normal
11011
11011
00000
11011
11011
-
00000
11011
11011
11011
00000
-
00000
01110
01110
01110
00000
-
01110
01110
00000
01110
01110
-
11011
11011
00000
11011
11011
-
10101
00000
10001
00000
10101
-
00000
01110
01010
01110
00000
-
10101
00000
10001
00000
10101
-
00111
00101
11111
10100
11100
-
11100
10100
11111
00101
00111
-
11111
10101
10101
10101
11111
-
00000
11111
10001
11111
00000
-
10001
10011
10101
11001
10001
-
10001
11001
10101
10011
10001
-
00000
11000
11011
00011
00000
-
00000
00011
11011
11000
00000
-
10001
10001
10001
10001
10001
-
01010
01010
01010
01010
01010
-
00100
00100
00100
00100
00100
-
00100
01110
11111
11011
10001
-
10001
11011
11111
01110
00100
-
11111
10001
10001
10001
11111
-
00000
11110
10010
11110
00000
-
10001
01010
00100
01010
10001
-
10001
11011
01110
11011
10001
-
00000
01010
11111
01010
00000
-
00000
00100
01110
00100
00000
-
00000
01010
00100
01010
00000
-
00100
00100
11111
00100
00100
-
10001
01010
00000
01010
10001
-
11011
11011
00000
11011
11011
-
00000
11011
11011
00000
-
00000
01110
01110
01110
00000
-
01110
01110
00000
01110
01110
-
11011
11011
00000
11011
11011
-
10101
00000
10101
00000
10101
-
00000
01110
01010
01110
00000
-
10101
00000
10101
00000
10101
-
00111
00101
11111
10100
11100
-
11100
10100
11111
00101
00111
-
11111
10101
10101
10101
11111
-
00000
11111
10001
11111
00000
-
10001
10011
10101
11001
10001
-
10001
11001
10101
10011
10001
-
00000
11000
11011
00011
00000
-
00000
00011
11011
11000
00000
-
10001
10001
10001
10001
10001
-
01010
01010
01010
01010
01010
-
00100
00100
00100
00100
00100
-
00100
01110
11111
11011
10001
-
10001
11011
11111
01110
00100
-
11111
10001
10001
10001
11111
-
00000
11110
10010
11110
00000
-
10001
01010
00100
01010
10001
-
10001
11011
01110
11011
10001
-
00000
01010
11111
01010
00000
-
00000
00100
01110
00100
00000
-
00000
01010
00100
01010
00000
-
00100
00100
11111
00100
00100
-
10001
01010
00000
01010
10001
-
11011
11011
00000
11011
11011
-
00000
11011
11011
11011
00000
-
00000
01110
01110
01110
00000
-
01110
01110
00000
01110
01110
-
11011
11011
00000
11011
11011
-
10101
00000
10101
00000
10101
-
00000
01110
01010
01110
00000
-
10101
00000
10101
00000
10101
-
00111
00101
11111
10100
11100
-
11100
10100
11111
00101
00111
-
11111
10101
10101
10101
11111
-
00000
11111
10001
11111
00000
-
01110
11111
11111
01110
00100
-
#init
00000
00000
00000
00000
00000
-
00000
00000
00100
00000
00000
-
00000
01110
01010
01110
00000
-
11111
10001
10001
10001
11111
-
00000
00000
00000
00000
00000
-
#beat
00000
00000
00100
00000
00000
-
00000
00100
01110
00100
00000
-
00100
01110
11111
01110
00100
-
01110
11111
11111
11111
01110
-
00100
01110
11111
01110
00100
-
00000
00100
01110
00100
00000
-
00000
00000
00100
00000
00000
-
00000
00000
00000
00000
00000
-
00000
00000
00000
00000
00000
-